[root@localhost ~]# jstat -gcutil 106416 1000 1000
  S0     S1     E      O      M     CCS    YGC     YGCT    FGC    FGCT     GCT
  0.00 100.00  43.75   0.47  92.91  90.27      6    0.081     0    0.000    0.081
  0.00 100.00  43.75   0.47  92.91  90.27      6    0.081     0    0.000    0.081
  0.00 100.00  43.75   0.47  92.91  90.27      6    0.081     0    0.000    0.081
  0.00 100.00  43.75   0.47  92.91  90.27      6    0.081     0    0.000    0.081

[root@localhost ~]# jstat -gc 106416 1000 1000
 S0C    S1C    S0U    S1U      EC       EU        OC         OU       MC     MU    CCSC   CCSU   YGC     YGCT    FGC    FGCT     GCT
 0.0   6144.0  0.0   6144.0 49152.0  21504.0   993280.0    4625.5   29440.0 27353.3 3840.0 3466.4      6    0.081   0      0.000    0.081
 0.0   6144.0  0.0   6144.0 49152.0  21504.0   993280.0    4625.5   29440.0 27353.3 3840.0 3466.4      6    0.081   0      0.000    0.081
 0.0   6144.0  0.0   6144.0 49152.0  21504.0   993280.0    4625.5   29440.0 27353.3 3840.0 3466.4      6    0.081   0      0.000    0.081
 0.0   6144.0  0.0   6144.0 49152.0  21504.0   993280.0    4625.5   29440.0 27353.3 3840.0 3466.4      6    0.081   0      0.000    0.081
